1
100 100 100 100 100 100
4
20 80 70 100 20 0 32 20 80 20
20 80 70 100 20 0 32 100 80 0
20 80 70 100 20 0 32 50 0 0
20 80 70 100 20 0 32 0 0 0
15
100 100 -1000
200 100 -1000
200 200 -1000
100 200 -1000
100 100 -1100
200 100 -1100
200 200 -1100
100 200 -1100
150 250 -1050
130 100 -1000
170 100 -1000
130 150 -1000
170 150 -1000
100 150 -1000
200 150 -1000
20
9 11 0 1
10 12 9 0
1 14 10 1
14 2 13 1
13 0 11 1
11 9 12 0
12 10 14 1
3 13 2 1
5 6 1 1
1 6 2 1
0 3 4 1
4 3 7 1
4 7 5 1
5 7 6 1
1 0 4 3
1 4 5 3
2 8 3 2
3 8 7 2
7 8 6 2
6 8 2 2
